1.0 -82.0 
13.0 -254.0 
13.0 -254.0 
1.0 -82.0 
2.0 -143.0 
2.0 -143.0 
3.0 -178.0 
3.0 -178.0 
4.0 -206.0 
4.0 -206.0 
5.0 -225.0 
9.0 -251.0 
11.0 -252.0 
5.0 -225.0 
6.0 -235.0 
6.0 -235.0 
7.0 -243.0 
7.0 -243.0 
8.0 -248.0 
8.0 -248.0 
9.0 -251.0 
12.0 -253.0 
11.0 -252.0 
12.0 -253.0 
13.0 -254.0 
1.0 -82.0 
2.0 -143.0 
3.0 -178.0 
4.0 -206.0 
5.0 -225.0 
6.0 -235.0 
7.0 -243.0 
8.0 -248.0 
9.0 -251.0 
11.0 -252.0 
12.0 -253.0 
13.0 -254.0 
1.0 -82.0 
2.0 -143.0 
3.0 -178.0 
4.0 -206.0 
5.0 -225.0 
6.0 -235.0 
7.0 -243.0 
8.0 -248.0 
9.0 -251.0 
11.0 -252.0 
12.0 -253.0 
13.0 -254.0 
1.0 -82.0 
2.0 -143.0 
3.0 -178.0 
4.0 -206.0 
5.0 -225.0 
6.0 -235.0 
7.0 -243.0 
8.0 -248.0 
9.0 -251.0 
11.0 -252.0 
12.0 -253.0 
13.0 -254.0 
1.0 -82.0 
2.0 -143.0 
3.0 -178.0 
4.0 -206.0 
5.0 -225.0 
6.0 -235.0 
7.0 -243.0 
8.0 -248.0 
9.0 -251.0 
11.0 -252.0 
12.0 -253.0 
13.0 -254.0 
1.0 -82.0 
2.0 -143.0 
3.0 -178.0 
4.0 -206.0 
5.0 -225.0 
6.0 -235.0 
7.0 -243.0 
8.0 -248.0 
9.0 -251.0 
11.0 -252.0 
12.0 -253.0 
1.0 -82.0 
13.0 -254.0 
2.0 -143.0 
3.0 -178.0 
4.0 -206.0 
5.0 -225.0 
6.0 -235.0 
7.0 -243.0 
8.0 -248.0 
9.0 -251.0 
11.0 -252.0 
12.0 -253.0 
13.0 -254.0 
1.0 -82.0 
2.0 -143.0 
3.0 -178.0 
