16 21 487 492 536 582 734 843 891 915 737 
872 
872 
16 21 487 492 536 582 734 843 891 915 737 
905 524 
905 524 
675 692 903 
675 692 903 
487 675 753 830 
487 675 753 830 
487 672 734 753 891 
487 672 734 753 891 
487 575 672 734 753 891 
487 672 734 753 891 575 
487 907 605 646 734 753 891 
487 907 605 646 734 753 891 
487 907 605 646 734 753 891 510 
487 907 605 646 734 753 891 510 
487 605 734 873 884 891 543 16 653 
16 487 491 603 734 755 864 891 915 555 
21 487 489 543 605 646 734 753 864 891 
487 907 605 646 734 753 891 510 21 
872 
16 21 487 492 536 582 734 843 891 915 737 
905 524 
675 692 903 
487 675 753 830 
487 672 734 753 891 
487 672 734 753 891 575 
487 907 605 646 734 753 891 
487 907 605 646 734 753 891 512 
487 907 605 646 734 753 891 513 494 
487 605 734 873 884 891 543 16 653 495 
872 
487 605 734 873 884 891 543 16 653 493 23 
905 524 
675 692 903 
487 675 753 830 
487 672 734 753 891 
487 575 672 753 891 734 
487 907 605 646 734 753 891 
487 907 605 646 734 753 891 512 
487 543 605 646 734 753 891 864 488 23 
487 510 605 646 734 753 891 907 488 
872 
16 21 487 492 536 582 734 843 891 915 737 
905 524 
675 692 903 
487 675 753 830 
487 672 734 753 891 
487 672 734 753 891 575 
487 907 605 646 734 753 891 
487 907 605 646 734 753 891 510 
487 605 734 873 884 891 543 16 653 493 
487 605 734 873 884 891 543 16 653 
872 
487 605 734 873 884 891 543 16 653 22 498 
905 524 
675 692 903 
487 675 753 830 
487 672 734 753 891 
487 575 672 753 891 734 
487 907 605 646 734 753 891 
487 907 605 646 734 753 891 512 
487 605 734 873 884 891 543 16 653 493 
487 605 734 873 884 891 543 16 653 
872 
487 543 605 646 734 753 891 593 498 21 16 
524 905 
675 692 903 
487 675 753 830 
487 672 734 753 891 
487 672 734 753 891 575 
487 907 605 646 734 753 891 
487 907 605 646 734 753 891 510 
487 907 605 646 734 753 891 510 496 
487 907 605 646 734 753 891 513 494 21 
872 
487 543 605 646 734 753 891 593 498 21 16 
905 524 
675 692 903 
487 675 753 830 
487 672 734 753 891 
487 672 734 753 891 605 
487 907 605 646 734 753 891 
487 907 605 646 734 753 891 510 
487 543 605 646 734 753 891 864 499 
487 907 605 646 734 753 891 510 496 489 
872 
21 487 489 543 605 646 734 753 864 891 492 
905 524 
675 692 903 
487 675 753 830 
487 672 734 753 891 
487 575 672 734 753 891 
487 907 605 646 734 753 891 
487 907 605 646 734 753 891 510 
487 907 605 646 734 753 891 510 496 21 
487 907 605 646 734 753 891 512 21 
21 487 489 543 605 646 734 753 864 891 499 
