872 
691 905 
557 811 905 
486 557 843 861 
486 557 725 862 910 
486 557 573 725 862 910 
486 488 557 726 885 892 904 
486 488 557 726 824 892 904 
486 488 557 624 726 824 892 904 
486 488 557 603 726 772 885 892 904 
486 488 493 557 624 726 824 892 904 
486 488 557 562 624 726 824 892 904 
486 488 496 557 624 726 824 892 904 
486 488 557 598 624 726 824 892 904 
17 486 488 557 603 624 725 856 885 892 
486 488 493 557 586 624 726 824 892 904 
486 488 496 557 598 624 726 824 892 904 
17 21 486 488 557 603 624 725 856 885 892 
17 21 486 488 557 593 603 725 856 885 892 
