872 
528 875 
529 854 873 
486 782 855 862 
486 553 855 862 886 
486 553 574 784 855 862 
486 542 574 713 784 862 915 
487 499 542 574 713 784 862 901 
486 499 542 574 713 784 862 915 
487 499 542 574 713 784 862 901 915 
487 492 542 574 601 713 784 862 915 
487 499 542 574 713 784 840 862 915 
487 492 542 574 713 784 840 862 915 
487 490 499 542 574 713 784 840 862 915 
21 487 499 542 574 713 784 840 862 915 
487 488 496 542 574 713 784 840 862 915 
487 490 492 542 574 713 784 840 862 915 
21 487 490 499 542 574 713 784 840 862 915 
21 487 488 499 542 574 713 784 840 862 915 
