872 
524 905 
487 794 903 
487 854 903 
487 508 884 903 
487 604 794 877 899 
487 508 604 854 877 
487 508 604 704 877 901 
487 508 604 735 877 901 
487 507 604 704 784 901 907 
487 509 604 704 784 877 901 
487 508 604 704 784 877 901 
487 508 604 694 704 877 901 
487 507 581 604 704 784 901 907 
487 507 604 624 704 784 901 907 
487 509 552 604 704 784 877 901 
487 494 507 604 704 784 877 901 
487 488 507 581 604 704 784 901 907 
487 490 492 547 561 618 665 723 884 901 
487 488 507 581 604 654 705 784 901 907 
487 490 492 561 618 665 723 791 884 901 
487 488 507 581 604 654 705 784 787 901 
487 488 507 581 604 654 704 784 901 907 
11 486 490 492 561 603 704 771 782 851 915 
487 490 492 547 561 613 618 665 723 884 901 
487 490 492 547 561 618 665 723 789 884 901 
487 488 491 507 581 604 654 705 784 787 901 
487 490 492 547 561 618 665 723 884 901 913 
11 22 486 490 492 561 603 704 771 782 851 915 
