872 
601 875 
487 873 914 
487 651 734 873 
487 672 734 813 891 
487 532 672 734 813 891 
487 532 578 672 734 813 891 
487 492 532 672 734 813 891 
487 495 534 606 622 720 813 914 
487 489 495 534 588 622 720 813 914 
487 489 495 534 588 622 720 873 914 
487 489 495 534 610 622 720 813 914 
487 489 495 501 534 579 622 720 813 914 
487 489 495 534 588 607 622 720 813 914 
487 489 495 534 588 610 622 720 813 914 
22 487 489 495 501 534 579 622 720 813 914 
22 487 489 495 501 579 622 720 785 813 914 
22 487 489 495 534 579 622 720 813 894 914 
22 487 489 495 501 534 607 622 720 813 914 
