872 
524 905 
632 734 903 
487 556 830 873 
487 675 731 873 891 
487 536 675 731 873 891 
487 536 611 704 873 891 915 
487 536 612 704 873 891 915 
487 536 578 675 731 873 891 
487 536 577 675 731 873 891 
487 493 536 612 734 873 891 915 
487 489 493 536 612 734 873 891 915 
487 490 493 536 612 734 873 891 915 
487 490 493 536 612 734 736 796 891 915 
487 489 493 536 612 683 734 873 891 915 
487 489 493 536 612 734 804 873 891 915 
487 490 493 536 612 734 736 796 885 891 
22 487 490 493 536 612 734 736 796 891 915 
22 487 490 492 536 612 734 736 796 891 915 
22 487 488 493 536 612 734 736 875 891 915 
