872 
571 905 
675 692 903 
487 710 884 903 
487 675 701 861 903 
487 489 675 701 861 903 
487 489 527 675 701 861 903 
487 489 675 701 840 861 903 
487 489 529 675 701 861 903 
486 499 513 604 754 801 902 906 
486 499 507 604 721 754 804 872 906 
486 499 513 604 721 754 801 872 906 
486 499 507 604 721 754 803 872 906 
486 499 507 604 654 721 754 872 906 
486 499 507 513 604 721 754 872 906 
486 489 499 513 604 721 754 801 872 906 
16 486 499 513 604 721 754 801 872 906 
21 486 499 513 604 721 754 801 872 906 
16 486 499 513 604 721 754 801 902 906 
16 21 486 499 513 604 721 754 801 872 906 
