872 
720 875 
487 873 914 
487 675 753 830 
487 535 675 821 891 
487 535 605 675 821 891 
487 535 675 821 844 891 
487 575 675 783 821 830 
487 535 578 761 844 891 914 
487 535 578 712 761 844 891 914 
487 535 578 713 761 844 891 914 
480 490 499 538 616 706 761 871 886 
480 490 499 538 616 706 761 780 871 886 
480 490 499 538 616 706 761 830 871 886 
480 490 499 509 538 616 706 761 871 886 
480 490 499 538 616 631 706 761 780 886 
23 480 490 499 538 616 706 761 871 886 
22 480 490 499 538 616 706 761 871 886 
22 480 490 499 538 616 706 761 830 871 886 
23 480 490 499 538 616 706 761 780 871 886 
22 480 490 499 538 616 710 761 826 871 886 
