902 
525 905 
646 720 903 
487 535 885 891 
487 535 730 885 891 
487 535 575 730 885 891 
487 535 575 675 730 877 891 
487 535 575 730 877 891 914 
486 499 509 604 638 730 874 902 
487 513 575 675 730 783 877 891 
486 488 499 509 588 638 730 902 904 
486 488 499 509 588 638 730 874 902 
486 488 499 509 558 638 730 874 902 
486 488 499 509 558 638 730 874 902 903 
22 486 488 499 509 558 638 730 874 902 
22 486 488 499 509 593 638 730 874 902 
486 488 499 509 558 638 730 874 901 903 
486 488 499 509 558 604 638 730 874 902 
22 486 488 499 509 604 638 730 874 902 
22 486 488 499 509 558 638 730 874 902 903 
22 486 488 499 509 558 638 730 874 902 904 
22 486 488 499 509 558 638 730 874 901 903 
22 486 488 499 509 558 604 638 730 874 902 
