872 
692 905 
487 664 914 
487 664 710 884 
487 664 731 830 884 
480 498 604 785 881 901 
480 498 531 605 727 881 901 
487 498 507 605 727 753 881 901 
487 489 498 507 605 727 753 881 901 
487 498 507 594 605 727 753 881 901 
19 487 498 507 605 727 753 881 901 
487 498 507 605 727 753 881 894 901 
487 498 507 605 727 753 767 881 901 
487 498 507 605 727 753 832 881 901 
16 487 498 507 605 727 753 881 901 
487 498 507 605 727 753 833 881 901 
480 489 498 512 604 674 727 856 872 901 
487 489 498 507 604 713 727 753 881 901 
16 22 487 498 507 605 727 753 881 901 
22 487 489 498 507 604 727 881 901 905 
23 487 489 498 507 604 727 753 881 901 
12 487 489 498 509 604 727 881 901 905 
22 487 489 498 507 604 713 727 753 881 901 
23 487 489 498 507 604 727 753 766 881 901 
12 22 487 489 498 507 604 727 881 901 905 
22 487 489 498 507 604 713 727 873 881 901 
22 487 489 498 507 604 727 736 881 901 905 
