872 
601 875 
528 875 
557 840 873 
487 604 884 891 
487 604 731 884 891 
487 532 604 730 885 891 
487 536 604 731 884 891 
487 532 556 604 730 885 891 
486 491 604 623 676 734 754 831 
487 512 532 556 604 730 885 891 
487 532 556 604 638 730 885 891 
486 491 522 604 623 676 734 754 831 
486 499 522 604 623 676 697 734 754 831 
486 491 522 604 623 676 734 754 773 831 
22 486 499 522 604 623 676 697 734 754 831 
16 486 499 522 604 623 676 697 734 754 831 
16 22 486 499 522 604 623 676 697 734 754 831 
