872 
524 905 
631 735 905 
487 675 830 873 
487 675 731 830 873 
487 536 675 731 873 891 
486 491 536 593 813 892 915 
487 536 580 675 731 830 873 
486 488 534 581 727 874 892 915 
486 488 529 581 727 864 892 904 915 
486 488 534 581 706 727 874 892 915 
486 488 501 581 727 874 892 904 915 
486 488 534 581 684 727 874 892 915 
486 488 501 581 727 864 892 904 915 
22 486 488 534 581 727 874 892 915 
486 488 534 581 712 727 874 892 915 
486 488 498 529 581 727 864 892 904 915 
486 488 498 536 581 727 864 892 904 915 
23 486 488 501 581 727 762 892 904 915 
17 486 488 529 581 727 864 892 904 915 
23 486 488 534 581 727 864 874 892 915 
23 486 488 499 501 581 727 864 892 904 915 
23 486 488 496 501 581 727 762 892 904 915 
21 486 488 498 529 565 727 864 892 904 915 
