902 
571 905 
675 692 905 
487 604 794 861 
487 604 794 861 881 
487 604 645 724 791 861 
487 532 604 794 861 881 
487 490 508 645 731 841 886 
487 490 508 645 701 841 886 
487 490 508 645 731 841 877 886 
487 490 491 588 645 720 791 861 886 
487 490 508 558 645 731 841 877 886 
17 487 490 530 588 645 720 791 842 861 
487 490 491 550 588 645 720 791 861 886 
487 490 491 530 588 645 720 791 842 861 
17 22 487 490 530 588 645 720 791 842 861 
22 487 490 491 530 588 645 720 791 842 861 
17 23 487 490 530 588 645 720 791 842 861 
