872 
720 875 
528 875 
487 675 873 
487 794 873 
487 854 873 
487 615 770 873 
487 615 723 881 891 
487 615 635 723 881 891 
487 615 635 723 764 881 891 
487 541 615 635 723 881 891 
487 543 615 635 723 881 891 
487 542 615 635 723 881 891 
487 492 615 635 723 781 830 881 
17 487 615 635 723 781 830 881 
487 543 615 635 723 781 830 881 
17 18 487 615 635 723 781 830 881 
17 487 513 615 635 723 781 830 881 
487 489 496 545 593 705 801 881 901 903 
17 18 23 487 615 635 723 781 830 881 
21 487 489 496 545 593 705 801 881 901 903 
21 487 489 496 545 593 705 801 877 901 903 
21 487 489 496 545 593 704 801 881 901 903 
23 487 489 496 545 593 705 801 881 901 903 
