872 
571 905 
675 692 903 
487 675 843 861 
487 675 761 843 891 
487 536 675 761 843 891 
487 536 577 675 761 843 891 
487 489 513 651 675 696 843 871 
487 489 509 612 675 696 843 871 
487 536 577 675 695 761 843 891 
487 489 495 509 675 696 843 871 
487 489 495 509 675 696 843 871 886 
487 489 495 509 558 675 696 843 871 
487 489 513 578 651 675 696 843 871 
487 489 495 509 664 675 696 843 871 
487 489 495 509 530 675 696 843 871 
487 489 495 509 558 664 675 696 843 871 
487 489 495 509 530 558 675 696 843 871 
22 486 490 492 509 587 635 661 671 691 765 843 
