872 
691 905 
556 812 903 
487 615 770 873 
487 675 731 770 873 
487 536 675 731 770 873 
487 536 615 731 765 770 873 
487 536 594 675 731 770 873 
487 536 578 675 731 770 873 
487 536 563 675 731 770 873 
485 499 531 611 707 844 879 901 
485 499 531 611 707 844 861 879 901 
485 499 508 531 611 707 844 879 901 
485 499 509 531 611 707 844 879 901 
485 490 499 531 611 707 844 861 879 901 
22 485 499 531 611 707 844 861 879 901 
485 489 499 531 611 707 844 861 879 901 
21 485 499 531 611 707 844 861 879 901 
21 485 490 499 531 611 707 844 861 879 901 
22 485 489 499 531 611 707 844 861 879 901 
22 485 489 499 531 611 707 844 861 877 901 
