872 
571 905 
487 903 914 
487 884 903 
487 651 723 884 
487 612 723 884 891 
487 537 612 884 891 
487 612 635 723 884 891 
487 536 612 753 884 891 
487 612 635 723 794 891 
487 536 612 723 884 891 
487 501 612 635 723 884 891 
487 612 635 723 794 877 891 
487 611 635 723 794 877 891 
487 501 612 635 723 789 884 891 
11 487 611 635 723 794 877 891 
487 541 572 611 635 723 794 864 891 
11 487 611 635 658 723 794 877 891 
486 499 577 635 662 723 741 794 864 
11 487 611 635 723 794 824 877 891 
487 501 542 612 635 723 776 884 891 
11 487 611 635 723 794 841 877 891 
486 488 499 577 635 662 723 741 794 864 
486 488 499 506 577 635 662 723 741 794 864 
486 488 499 540 577 635 662 723 741 794 864 
21 486 488 499 577 635 662 723 741 794 864 
21 486 488 499 506 577 635 662 723 794 864 
486 488 499 556 577 635 662 723 741 794 864 
21 486 499 540 577 635 662 723 741 794 864 
21 486 488 499 506 577 635 662 723 741 794 864 
21 486 488 499 540 577 635 662 723 741 794 864 
21 486 488 499 506 577 635 662 719 723 794 864 
21 486 488 499 552 577 635 662 723 741 794 864 
21 486 488 499 506 577 635 662 723 794 841 864 
