872 
691 905 
601 765 903 
487 604 884 891 
487 604 645 731 891 
487 645 731 873 891 
487 534 645 731 815 891 
487 534 645 735 815 877 891 
487 534 593 645 735 815 877 891 
17 487 534 593 645 735 815 877 891 
17 487 534 593 645 735 737 815 891 
17 487 534 593 645 735 767 815 891 
487 492 534 593 645 735 815 877 891 
17 487 532 616 624 725 842 884 891 
17 487 488 532 616 624 707 842 884 891 
17 487 488 532 616 624 725 842 884 891 
17 21 487 488 532 616 624 707 842 884 891 
17 21 487 488 532 616 624 725 842 884 891 
