632 
666 692 
675 692 903 
591 675 692 903 
486 646 731 831 886 
486 490 646 731 831 886 
486 490 528 646 731 831 886 
486 490 526 582 696 831 886 915 
486 490 526 582 696 831 863 886 915 
486 490 526 582 696 831 864 886 915 
486 490 526 582 696 736 831 886 915 
486 490 496 526 582 712 759 831 886 915 
486 490 491 526 582 696 736 831 886 915 
17 486 490 526 577 713 759 831 886 915 
17 486 490 526 603 713 783 831 867 915 
17 486 490 526 582 713 831 868 886 915 
17 486 490 526 577 713 831 868 886 915 
17 21 486 490 526 603 713 783 831 867 915 
22 486 490 496 526 582 696 736 831 886 915 
17 21 486 490 526 577 713 759 831 886 915 
