872 
572 903 
524 903 
571 903 
487 884 903 
487 591 884 903 
487 553 591 884 903 
487 543 575 770 884 903 
487 543 575 731 770 884 903 
487 489 594 668 704 770 873 884 
487 489 491 528 634 722 862 914 
487 489 491 528 594 634 722 862 884 
487 489 491 528 594 634 722 735 862 884 
487 489 491 528 594 634 722 849 862 884 
235 487 489 491 528 594 634 722 862 914 
23 487 489 491 528 594 634 722 802 884 
487 489 491 528 594 634 722 862 884 914 
23 487 489 491 528 594 634 722 802 855 884 
23 487 489 491 528 594 634 722 830 855 884 
23 487 489 491 528 594 634 722 802 846 884 
