872 
572 783 
487 843 914 
487 783 914 
487 675 770 843 
487 675 770 843 881 
487 532 675 770 843 881 
487 532 675 729 770 843 881 
18 487 488 675 729 770 844 881 
487 488 647 675 729 770 844 881 
18 487 488 592 675 729 770 844 881 
18 487 488 600 675 729 770 844 881 
18 480 488 499 570 729 780 844 881 
18 480 488 499 602 671 733 780 783 874 
480 490 499 535 602 683 780 783 788 816 874 
480 489 499 535 602 671 683 780 813 816 874 
480 489 499 535 602 683 780 813 816 874 906 
23 480 489 499 535 602 671 683 780 813 816 874 
23 480 489 499 535 602 683 780 783 788 816 874 
