872 
692 905 
487 854 903 
487 621 734 903 
487 606 621 734 881 
487 606 734 830 881 886 
487 524 606 734 830 881 
487 490 592 734 780 881 886 
487 490 540 592 631 734 881 886 
487 490 540 592 631 734 864 881 886 
487 490 540 592 631 734 742 881 886 
487 490 540 592 631 734 858 881 886 
487 490 540 592 631 734 870 881 886 
487 490 540 592 631 734 830 881 886 
487 490 540 592 631 734 863 881 886 
487 490 540 592 631 710 734 742 881 886 
21 487 490 499 523 592 691 707 881 886 914 
21 487 490 499 523 592 667 691 707 803 886 914 
