872 
525 903 
571 903 
487 903 914 
525 615 903 
487 615 770 903 
487 645 770 903 
487 615 761 770 903 
487 490 615 761 770 903 
487 490 615 621 761 886 901 
487 530 615 761 770 871 903 
487 490 507 615 761 886 901 
487 490 529 615 621 692 761 886 
487 490 491 529 615 621 692 761 886 
487 490 493 529 615 621 692 761 886 
487 490 491 529 615 621 654 692 886 
487 490 529 615 621 692 761 886 888 
487 490 491 529 615 621 654 692 765 886 
23 487 490 493 529 615 621 677 750 761 886 903 
23 487 490 493 529 615 621 677 750 761 804 886 
