841 
666 692 
487 634 914 
487 723 914 
487 723 885 891 
487 634 735 891 
487 611 723 885 891 
487 495 634 723 891 914 
487 495 508 634 723 811 914 
487 489 495 508 634 723 811 914 
487 489 492 508 611 634 723 811 885 
487 489 495 508 616 634 723 811 914 
487 489 492 508 611 634 723 735 811 885 
487 489 495 508 616 634 653 723 811 914 
487 489 492 508 611 617 634 723 811 885 
487 489 492 508 611 634 723 767 811 885 
487 489 492 508 611 634 725 767 811 914 
487 489 492 508 611 634 723 767 811 914 
15 487 489 492 508 611 634 723 735 811 885 
15 23 487 489 492 508 611 634 723 735 811 885 
15 23 487 489 492 508 611 634 735 811 885 886 
