872 
524 845 
487 843 884 
499 507 843 901 
499 507 843 876 901 
499 601 741 843 884 
499 601 741 843 884 907 
487 601 666 741 884 907 
499 601 730 741 843 884 
489 499 601 730 741 843 884 
487 489 531 601 730 741 843 884 
487 489 499 544 601 741 843 884 
16 487 499 601 666 711 772 884 907 
481 487 489 499 531 601 741 786 843 884 
487 489 499 531 601 730 741 843 884 907 
481 487 489 499 531 601 730 741 843 884 907 
22 487 489 499 513 601 682 843 856 884 907 
481 487 489 499 531 601 709 741 843 884 907 
22 487 489 499 513 601 682 741 764 843 856 907 
