872 
601 905 
601 705 903 
487 659 764 903 
487 606 704 899 907 
487 530 606 704 899 907 
480 498 634 720 784 872 907 
480 498 593 634 720 784 872 907 
480 489 498 593 634 720 784 872 907 
480 488 498 540 593 720 784 872 907 
480 489 498 502 593 634 720 784 872 907 
480 489 498 512 613 634 720 784 872 907 
480 489 498 512 571 634 720 784 872 907 
480 488 498 540 575 593 720 784 872 907 
480 489 498 540 593 634 720 784 872 907 
480 489 498 514 593 634 720 784 872 907 
22 480 489 498 506 512 612 662 710 823 903 907 914 
