812 
871 
525 904 
557 843 871 
557 652 691 843 
486 557 652 725 880 
499 652 691 843 910 
489 499 652 790 843 871 
486 557 652 725 856 880 
486 499 606 652 781 856 910 
486 499 652 725 781 856 910 
486 499 615 652 725 781 856 910 
486 499 606 652 729 781 856 910 
486 499 606 652 695 781 856 910 
486 499 535 615 652 725 751 880 
486 491 535 615 652 725 751 856 880 
486 491 535 615 652 684 725 751 856 880 
486 490 491 535 615 652 684 725 751 856 880 
486 489 499 535 546 615 624 729 781 830 856 
21 486 489 499 535 546 615 624 729 781 830 856 
