872 
601 785 
487 873 914 
487 903 914 
487 651 753 914 
487 642 785 830 914 
487 495 664 754 830 914 
487 604 645 681 785 791 901 
487 541 664 731 754 830 914 
487 604 645 681 694 791 901 
487 491 664 712 754 771 830 914 
487 541 585 664 712 754 771 830 914 
487 495 664 712 754 771 815 830 914 
487 495 541 664 712 771 815 830 914 
487 495 541 664 712 754 771 830 914 
487 495 502 664 712 754 815 830 914 
487 541 585 664 712 749 754 830 914 
487 495 585 664 712 754 771 830 914 
487 495 664 712 754 771 830 876 914 
487 495 526 585 664 712 754 830 914 
487 495 541 585 664 712 754 771 830 914 
16 487 499 506 558 604 699 785 791 901 
487 495 539 585 664 712 754 771 830 914 
487 495 541 664 712 754 771 815 830 914 
487 495 541 570 664 712 754 771 830 914 
487 495 541 585 664 712 749 754 830 914 
487 495 541 603 664 712 754 771 830 914 
16 487 499 506 558 605 669 699 785 791 901 
16 21 487 499 506 558 605 669 699 785 791 901 
