901 
781 
524 915 
486 664 915 
524 604 915 
487 830 873 915 
487 554 830 873 915 
486 534 574 700 830 915 
486 491 534 576 737 830 915 
486 491 534 602 730 830 875 915 
486 489 491 528 602 730 830 873 915 
486 489 491 534 602 730 830 857 875 915 
486 489 491 534 602 730 830 857 870 875 915 
23 486 489 491 534 602 730 771 867 903 915 
486 489 491 529 534 602 730 830 857 875 915 
486 489 491 534 602 651 730 830 857 875 915 
325 486 489 491 513 602 730 771 857 903 915 
486 489 491 534 602 730 771 830 857 875 915 
23 325 486 489 491 513 602 730 771 867 903 915 
23 486 489 491 509 534 602 730 830 857 875 915 
