872 
571 785 
572 785 
487 753 914 
487 615 753 892 
487 608 753 764 891 
487 608 661 722 764 892 
487 608 661 764 873 892 
487 490 608 661 764 782 892 
487 608 661 722 764 873 892 
487 490 608 661 722 764 892 
487 490 608 661 722 764 873 892 
487 490 608 661 724 764 873 892 
487 490 608 661 722 764 863 892 
487 490 608 661 722 764 863 873 892 
487 490 608 661 722 764 863 892 903 
487 490 608 661 722 764 801 863 873 
487 490 531 608 661 722 764 863 873 892 
487 490 491 608 661 722 764 863 873 892 
487 490 531 608 661 722 764 830 863 873 
487 490 544 608 661 722 764 863 873 892 
487 490 544 608 722 764 863 873 892 901 
487 490 524 608 661 722 764 863 873 892 
18 487 490 608 661 722 764 863 873 892 
487 490 491 531 608 661 722 764 863 873 892 
23 486 490 495 536 615 661 677 747 802 843 907 
