841 
871 
812 
525 905 
525 824 903 
487 508 824 903 
487 644 734 891 903 
487 508 734 845 881 
487 663 734 881 891 
487 663 734 845 881 891 
487 557 663 734 845 881 891 
487 557 616 663 734 845 881 891 
487 557 608 663 734 845 881 891 
487 521 616 663 734 845 881 891 
487 490 544 557 586 663 720 862 881 
487 490 544 586 663 720 845 881 891 
16 487 557 616 663 734 845 881 891 
485 490 499 544 557 586 663 720 862 881 
487 490 557 616 617 663 734 759 881 891 
22 487 490 557 586 663 734 759 881 891 
487 490 544 586 663 720 750 845 881 891 
485 490 499 544 557 586 663 720 783 862 881 
485 490 499 544 586 617 663 720 783 862 881 
487 490 544 586 594 663 720 750 845 881 891 
485 490 499 544 557 586 720 783 844 862 881 
22 485 490 499 544 586 720 783 844 862 881 
22 485 490 499 544 557 586 663 720 862 881 
485 490 499 544 586 618 663 720 783 862 881 
485 490 499 544 557 586 663 720 783 862 881 894 
485 490 499 544 557 586 618 663 720 783 862 881 
22 485 490 499 544 586 663 720 783 862 864 881 
22 485 490 499 544 557 586 663 720 783 862 881 
22 485 490 499 544 557 586 617 663 720 783 862 881 
22 485 490 499 544 557 564 586 663 720 783 862 881 
