872 
691 905 
631 705 905 
631 734 905 
480 550 840 905 
480 550 731 840 905 
480 550 612 840 905 
480 550 573 731 840 905 
480 498 525 573 727 840 905 
480 498 525 573 727 840 863 905 
20 480 498 525 588 642 728 840 905 
480 498 525 543 573 727 840 863 905 
480 489 498 525 588 642 727 840 905 
20 480 498 525 588 633 642 727 840 905 
20 480 498 525 588 633 642 728 840 905 
480 489 498 525 588 633 642 727 840 905 
20 21 480 498 525 588 633 642 727 840 905 
480 489 498 525 588 642 663 727 815 840 905 
480 489 498 525 588 633 642 727 840 867 905 
480 489 498 525 588 633 642 727 815 840 905 
21 480 489 498 525 588 633 642 727 840 905 
21 480 489 498 525 588 633 642 727 815 840 905 
