872 
691 905 
551 720 905 
499 631 719 886 
499 542 631 719 905 
486 553 592 824 886 
486 533 553 592 824 886 
486 553 592 824 872 886 
486 533 553 592 824 872 886 
480 499 542 576 631 719 753 832 
480 499 542 576 631 719 753 832 915 
480 489 499 542 576 631 719 753 832 915 
480 499 542 576 605 631 719 753 832 915 
480 489 499 542 576 631 719 753 782 832 915 
21 486 489 499 501 573 628 668 689 830 840 872 905 910 
21 78 486 489 499 501 573 668 729 830 840 872 905 910 
21 486 489 499 501 573 628 668 729 830 840 872 905 910 
