871 
902 
841 
631 903 
487 794 903 
487 794 801 903 
487 611 794 801 903 
487 611 711 765 901 903 
487 531 611 711 765 844 901 
487 531 551 611 711 817 844 901 
487 498 531 611 711 817 844 901 
487 531 611 711 765 817 844 901 
487 498 531 611 711 765 817 844 901 
487 498 531 611 623 711 817 844 901 
487 498 531 611 683 711 817 844 901 
22 487 531 551 611 711 817 844 901 
487 498 531 611 683 711 765 817 844 901 
487 498 531 611 683 711 817 844 901 908 
487 498 531 611 672 683 711 817 844 901 
22 487 488 538 556 586 611 720 786 798 844 891 903 
22 487 488 499 516 586 611 720 740 754 755 786 798 844 870 903 
22 434 487 488 499 516 586 611 720 740 754 755 786 798 870 903 
