872 
631 905 
499 901 903 
499 506 843 901 
480 499 635 843 901 
480 498 635 787 843 901 
480 498 508 635 787 843 902 
480 498 508 635 787 843 850 902 
20 480 498 508 635 787 850 902 
480 498 508 635 787 824 843 902 
480 498 508 635 787 843 882 902 
480 498 506 612 635 724 787 902 
480 498 508 635 787 818 843 902 
480 488 498 506 612 635 724 787 902 
480 488 498 506 612 635 724 787 882 902 
480 488 498 508 604 612 724 787 863 902 
22 480 488 498 506 612 635 724 787 902 
22 480 488 498 506 612 635 724 787 863 902 
22 480 488 498 506 609 635 724 787 863 902 
22 480 488 498 506 612 635 678 724 787 902 
