781 
606 781 
606 781 880 
499 651 781 856 
13 499 612 781 856 
13 499 606 781 856 
13 499 606 781 856 914 
13 499 553 606 781 856 914 
13 499 553 606 728 781 856 871 
13 499 543 606 654 662 692 856 914 
13 490 499 553 606 728 781 856 871 
13 490 499 553 607 654 662 692 856 914 
13 490 499 553 606 728 781 856 871 883 
13 490 499 553 606 646 728 781 856 871 
13 490 499 607 654 662 692 783 856 914 
13 21 490 499 535 607 662 692 856 914 
13 16 499 553 606 654 728 781 856 914 
13 16 499 553 606 728 781 812 856 914 
12 13 490 499 553 606 728 781 856 871 
13 490 499 553 606 607 732 781 856 871 
13 21 490 499 535 607 654 662 692 856 914 
