872 
871 905 
486 795 873 
486 651 795 813 
486 611 651 795 813 
486 536 607 795 813 862 
486 536 607 795 813 862 893 
486 499 536 607 795 813 862 893 
486 493 536 607 795 813 862 893 
486 499 536 607 795 812 813 862 893 
159 486 536 607 662 711 765 813 893 
112 486 536 607 662 711 765 813 893 
486 495 536 607 651 662 711 765 813 893 
9 486 495 536 607 662 711 765 813 893 
445 486 495 536 607 662 711 765 813 893 
334 486 495 536 607 662 711 765 813 893 
481 487 488 499 536 607 621 688 795 840 873 
23 486 495 536 607 651 662 711 765 813 893 
22 111 487 488 493 528 547 608 657 702 741 795 864 874 900 905 
