872 
528 875 
571 765 886 
486 509 855 886 
486 509 761 855 886 
486 509 642 855 886 
486 490 509 734 872 886 
486 509 612 734 872 886 
486 490 509 612 734 872 886 
486 490 509 612 698 734 872 886 
486 490 509 612 734 787 872 886 
486 490 547 600 621 734 846 872 886 
486 490 547 600 608 621 734 872 886 
486 490 509 564 612 734 787 872 886 
486 490 547 608 621 659 734 872 886 
486 490 547 608 621 734 872 886 891 
486 490 547 600 607 651 734 872 886 
7 486 490 547 652 734 846 872 886 
486 490 497 547 600 621 734 846 872 886 
486 490 547 600 608 621 623 734 872 886 
486 490 547 600 621 683 734 846 872 886 
486 490 547 600 621 706 734 846 872 886 
486 490 547 593 600 621 734 846 872 886 
486 490 547 588 600 621 734 846 872 886 
486 490 547 600 621 623 734 846 872 886 
486 490 547 600 608 621 734 827 872 886 
486 490 497 547 600 621 683 734 846 872 886 
21 486 490 547 600 608 621 623 734 872 886 
23 64 486 490 494 545 600 621 672 683 765 840 886 
23 264 486 490 494 545 600 621 672 683 765 840 886 
