872 
691 903 
692 903 
664 735 871 
480 735 871 903 
480 499 542 813 901 
480 499 664 735 876 901 
480 499 536 876 901 903 
480 499 512 664 724 876 901 
480 499 536 664 735 813 876 901 
480 499 512 536 664 735 813 876 901 
480 499 536 558 664 735 813 876 901 
480 481 499 536 664 735 813 876 901 
480 499 512 586 664 724 733 876 901 
480 488 499 586 664 713 724 787 876 901 
480 499 536 558 654 664 735 813 876 901 
480 499 512 536 558 664 735 813 876 901 
480 488 499 512 586 682 724 733 876 901 903 
480 488 499 512 586 664 713 724 787 876 901 
480 488 499 556 586 664 713 724 787 876 901 
480 488 499 512 586 664 711 724 787 876 901 
480 488 499 500 591 700 724 735 871 876 903 
480 488 499 512 579 664 713 724 787 876 901 
427 480 488 499 512 586 664 724 787 876 901 
21 348 486 488 499 537 578 641 724 735 831 871 888 903 
