632 
662 
529 845 
616 780 873 
486 616 782 862 
486 616 785 862 880 
486 616 634 724 862 880 
486 543 616 724 862 880 
486 543 616 634 724 862 880 
486 616 634 724 781 862 880 
486 529 616 634 724 862 880 
486 491 616 634 724 781 862 880 
18 486 491 616 634 724 862 880 
486 491 616 634 724 780 862 880 
18 486 491 616 634 724 780 862 880 
18 23 486 491 616 634 724 780 862 880 
18 486 490 491 616 634 724 780 862 880 
18 23 486 490 491 616 634 724 780 862 880 
16 18 23 486 491 616 634 724 780 862 880 
18 23 486 488 491 616 634 724 780 862 880 
18 22 486 490 491 616 634 724 780 862 880 
