841 
812 
524 903 
646 721 886 
646 651 721 903 
486 576 676 757 830 
486 534 576 676 757 830 
486 534 576 676 726 830 864 
486 499 534 576 622 696 894 914 
486 499 534 576 622 696 827 914 
486 499 534 576 622 696 721 894 914 
486 499 534 576 622 696 718 894 914 
486 499 534 576 622 696 830 894 914 
73 486 499 534 576 622 696 722 830 894 914 
486 499 525 534 576 700 827 830 848 903 914 
16 486 499 525 534 576 700 830 848 903 914 
16 486 499 525 557 576 700 827 830 903 914 
16 486 499 534 576 622 696 827 830 903 914 
16 486 499 525 534 576 700 827 830 903 914 
73 486 499 534 576 622 696 752 830 894 914 
16 486 499 525 534 576 700 827 830 848 914 
16 486 499 525 534 576 700 827 830 848 903 914 
16 21 486 499 525 534 576 696 827 830 843 914 
16 486 499 525 557 576 700 827 830 848 903 914 
16 486 499 525 534 576 580 700 827 830 903 914 
16 21 486 499 525 557 576 700 827 830 848 903 914 
