872 
572 785 
528 723 885 
528 604 885 
487 535 830 885 
487 535 730 830 885 
487 535 730 830 844 885 
487 524 535 730 815 830 885 
487 524 535 574 730 830 885 
487 490 564 652 663 696 795 871 
487 490 564 615 652 663 696 789 871 
487 490 564 615 652 663 696 795 871 
487 490 564 652 663 673 696 795 844 871 
487 490 514 564 615 652 663 696 795 871 
487 490 544 564 615 652 663 696 795 871 
487 490 514 564 615 652 663 696 795 871 874 
19 487 490 497 528 652 683 723 885 904 906 
487 490 522 564 652 663 673 696 795 844 871 
487 490 555 564 652 663 673 696 795 844 871 
19 23 487 490 497 528 652 683 723 885 904 906 
19 23 487 490 497 528 652 720 723 885 904 906 
19 23 487 490 497 528 683 723 741 885 904 906 
19 23 487 490 497 528 652 683 723 741 885 904 906 
19 23 487 490 497 528 652 683 720 723 885 904 906 
