872 
691 905 
487 556 905 
486 604 735 862 
486 604 671 735 862 
486 488 671 735 782 862 
486 488 605 671 735 862 
486 488 671 735 782 841 862 
486 488 579 671 735 782 862 
486 488 551 605 671 735 862 
486 488 541 671 782 855 862 
486 488 588 671 735 782 862 
486 488 580 671 735 782 862 
486 490 556 562 826 856 881 902 
486 490 556 562 735 826 856 881 902 
486 490 556 562 732 826 856 881 902 
21 486 490 510 582 667 735 856 862 902 
486 490 510 582 667 735 856 862 902 905 
21 486 490 510 582 667 735 856 862 902 905 
486 490 492 556 562 720 826 856 902 905 911 
21 486 490 510 582 605 667 735 856 862 902 
21 486 488 492 556 582 720 756 826 856 862 902 905 
21 486 488 492 556 582 720 819 826 856 862 902 905 
