871 
631 735 
487 843 914 
487 621 843 914 
487 533 843 891 914 
487 533 843 884 891 
487 533 761 843 891 914 
487 493 533 791 843 884 891 
487 533 603 720 884 891 907 
487 533 603 720 884 891 911 
487 493 533 603 720 884 891 911 
487 493 533 603 720 740 796 864 884 907 
487 493 533 603 720 740 845 864 884 907 
487 493 533 592 603 720 740 845 884 911 
487 489 493 533 592 593 720 740 845 884 907 
487 493 533 593 603 720 737 845 884 891 911 
487 489 493 533 592 603 720 740 845 884 911 
487 490 493 533 603 720 740 796 864 884 907 
22 487 493 533 592 603 720 740 864 884 911 
487 489 493 533 592 593 603 720 740 884 907 
22 487 489 493 533 592 603 720 740 845 884 911 
22 487 493 533 592 603 720 740 803 845 884 907 
487 489 493 511 533 592 603 720 740 845 884 911 
22 487 489 493 533 603 720 740 812 845 884 911 
487 489 493 533 593 603 621 720 740 845 884 911 
22 487 489 493 533 592 603 623 720 740 884 907 
22 487 489 493 511 533 592 603 720 845 884 911 
22 487 489 493 533 592 593 603 720 740 845 884 911 
22 487 489 493 533 592 593 720 740 796 845 884 911 
22 487 489 493 511 533 592 603 720 740 845 884 911 
22 487 489 493 533 593 603 720 740 845 872 884 911 
