901 
902 
666 720 
666 721 884 
487 666 710 884 
487 608 710 873 884 
487 608 666 710 884 
487 512 608 710 873 884 
487 536 608 765 873 901 
487 608 710 794 873 901 
487 536 608 710 794 873 
487 608 710 765 873 901 
487 536 608 710 765 873 901 
487 536 608 710 873 884 901 
487 490 512 608 710 873 884 901 
487 512 536 608 710 794 873 901 
487 512 536 608 710 765 873 901 
16 487 536 608 710 873 884 901 
487 490 496 512 608 710 873 884 901 
16 487 536 608 710 772 873 884 901 
487 490 512 608 710 782 873 884 901 
487 490 512 536 608 710 873 884 901 
487 496 512 536 608 710 873 884 901 
487 490 496 536 608 710 863 873 884 901 
487 490 496 512 536 608 710 873 884 901 
14 22 487 490 496 512 536 608 710 873 884 901 
22 288 487 490 496 512 536 608 710 873 884 901 
22 487 490 496 512 536 608 622 710 873 884 901 
22 47 487 490 496 512 536 608 710 873 884 901 
22 177 487 490 496 512 536 608 710 873 884 901 
22 442 487 490 496 512 536 608 710 873 884 901 
