871 
720 875 
487 854 875 
487 508 854 875 
487 553 770 854 875 
487 553 603 770 854 875 
20 487 553 574 770 854 875 
20 487 553 638 770 854 875 
20 487 553 606 770 854 875 
20 487 553 599 770 854 875 
20 487 553 574 770 854 875 902 
20 487 553 558 770 854 875 902 
20 487 540 553 574 770 854 875 902 
20 487 553 574 638 770 854 875 902 
20 487 553 574 756 770 854 875 902 
487 553 574 613 631 697 770 854 904 
487 488 492 553 631 770 854 857 873 904 
487 488 501 553 631 697 770 854 873 904 
487 488 492 501 553 631 770 854 873 904 
487 488 553 578 631 697 770 854 873 904 
487 488 553 578 631 697 770 845 854 904 
23 487 488 492 553 631 770 854 873 904 
487 488 553 585 631 697 770 854 873 904 
23 487 488 501 553 631 697 770 854 873 904 
487 488 501 580 631 671 697 770 854 873 904 
487 488 492 553 578 631 697 770 854 873 904 
487 488 492 501 553 631 686 770 854 873 904 
23 487 488 492 501 553 631 770 854 873 904 
487 488 501 553 585 631 697 770 854 873 904 
23 487 488 492 501 553 606 631 770 854 873 904 
23 487 488 492 501 553 598 631 770 854 873 904 
23 487 488 492 501 553 631 686 770 854 873 904 
23 487 488 492 501 553 598 631 686 770 854 873 904 
