841 
487 914 
487 843 914 
487 621 843 914 
487 843 861 914 
487 534 612 764 861 
487 534 612 652 764 815 
487 534 612 652 718 764 815 
487 534 612 652 718 764 815 906 
487 489 534 574 645 652 729 743 901 
487 534 612 616 652 718 764 815 906 
487 489 534 574 645 652 722 729 743 901 
487 489 538 574 645 652 722 729 743 901 
487 489 539 574 645 652 722 729 743 901 
487 489 534 539 574 645 652 722 729 743 901 
487 489 534 574 582 645 652 722 729 743 901 
487 489 534 574 607 645 652 722 729 743 901 
487 489 534 550 574 607 652 722 729 743 901 
487 489 534 538 574 645 652 722 729 743 901 
21 487 489 537 615 652 729 743 778 843 867 876 
487 489 493 537 615 652 729 743 843 867 876 901 
21 487 489 537 615 652 729 743 843 867 876 901 
21 487 489 493 537 615 652 654 729 778 843 867 876 
